DO Python file

=== Running bPC-SNN on MNIST ===
tensor([6, 4, 6, 4, 6, 4, 1, 4, 1, 4, 9, 4, 1, 4, 1, 4, 1, 1, 4, 1, 1, 1, 3, 1,
        4, 1, 1, 4, 1, 1, 7, 4, 4, 1, 1, 1, 4, 1, 1, 4, 4, 1, 1, 1, 4, 1, 1, 4,
        9, 4, 1, 4, 4, 4, 4, 1, 4, 1, 1, 4, 1, 4, 4, 1], device='cuda:0')
Epoch 0 | Batch 0
tensor([4, 0, 0, 4, 1, 3, 4, 0, 9, 4, 1, 4, 0, 0, 0, 4, 1, 0, 1, 0, 1, 4, 1, 0,
        4, 0, 4, 4, 1, 0, 0, 9, 4, 1, 4, 3, 4, 4, 0, 4, 0, 0, 1, 0, 4, 0, 0, 4,
        0, 4, 0, 4, 0, 4, 1, 1, 4, 4, 4, 4, 4, 1, 0, 0], device='cuda:0')
Epoch 0 | Batch 100
tensor([4, 6, 4, 3, 3, 3, 3, 4, 0, 3, 3, 3, 3, 4, 3, 6, 4, 3, 7, 3, 4, 4, 4, 4,
        3, 3, 3, 3, 0, 3, 3, 3, 3, 3, 3, 3, 0, 3, 3, 3, 3, 6, 3, 3, 3, 3, 3, 3,
        6, 3, 4, 3, 3, 4, 1, 3, 0, 3, 2, 3, 4, 3, 0, 3], device='cuda:0')
Epoch 0 | Batch 200
tensor([7, 0, 0, 0, 0, 3, 0, 3, 3, 1, 0, 0, 0, 0, 4, 0, 0, 0, 0, 0, 7, 7, 2, 0,
        7, 3, 2, 0, 0, 0, 4, 0, 1, 4, 3, 2, 0, 2, 9, 0, 6, 1, 4, 0, 3, 0, 6, 0,
        0, 0, 0, 7, 3, 7, 3, 3, 0, 7, 6, 4, 3, 0, 2, 2], device='cuda:0')
Epoch 0 | Batch 300
tensor([1, 9, 1, 7, 7, 7, 3, 2, 2, 7, 7, 7, 7, 2, 7, 7, 3, 7, 7, 2, 4, 3, 1, 7,
        1, 1, 7, 1, 7, 3, 7, 7, 9, 7, 7, 7, 7, 9, 3, 1, 4, 7, 7, 7, 1, 1, 1, 1,
        7, 4, 7, 8, 7, 3, 7, 7, 3, 3, 3, 7, 1, 1, 1, 7], device='cuda:0')
Epoch 0 | Batch 400
tensor([2, 7, 2, 2, 2, 0, 2, 2, 2, 7, 8, 2, 4, 2, 2, 2, 2, 2, 2, 2, 7, 2, 0, 2,
        2, 0, 0, 4, 2, 3, 2, 2, 0, 2, 0, 2, 9, 2, 0, 2, 2, 2, 2, 0, 2, 2, 2, 0,
        2, 2, 0, 0, 4, 9, 2, 2, 0, 4, 2, 3, 2, 9, 2, 6], device='cuda:0')
Epoch 0 | Batch 500
tensor([5, 8, 0, 8, 2, 8, 0, 8, 8, 8, 0, 7, 4, 8, 0, 0, 2, 8, 0, 2, 2, 8, 8, 2,
        8, 0, 0, 0, 8, 2, 8, 2, 8, 0, 2, 0, 2, 0, 2, 6, 8, 4, 8, 2, 4, 3, 0, 6,
        0, 0, 3, 6, 8, 8, 0, 4, 8, 0, 8, 0, 0, 8, 8, 0], device='cuda:0')
Epoch 0 | Batch 600
tensor([4, 3, 2, 1, 7, 2, 8, 7, 3, 7, 4, 3, 7, 3, 3, 1, 9, 4, 4, 2, 2, 7, 7, 6,
        8, 6, 4, 3, 4, 1, 3, 7, 2, 4, 3, 1, 3, 3, 1, 2, 7, 3, 6, 3, 3, 2, 3, 7,
        2, 3, 8, 6, 7, 7, 0, 4, 4, 8, 6, 3, 9, 3, 2, 7], device='cuda:0')
Epoch 0 | Batch 700
tensor([9, 1, 7, 9, 3, 2, 1, 1, 6, 6, 0, 9, 2, 4, 0, 6, 9, 7, 7, 7, 6, 6, 9, 6,
        1, 9, 0, 9, 9, 3, 9, 6, 9, 6, 3, 9, 4, 4, 2, 7, 9, 1, 6, 2, 0, 2, 7, 3,
        2, 0, 9, 1, 9, 1, 9, 6, 9, 0, 6, 6, 9, 9, 9, 4], device='cuda:0')
Epoch 0 | Batch 800
tensor([2, 0, 2, 2, 3, 7, 0, 7, 8, 9, 9, 9, 2, 3, 0, 7, 3, 0, 7, 9, 3, 9, 4, 6,
        9, 7, 0, 9, 0, 7, 8, 0, 3, 7, 0, 3, 2, 4, 0, 0, 0, 1, 2, 3, 7, 2, 9, 9,
        3, 3, 9, 0, 0, 0, 7, 7, 9, 4, 9, 7, 0, 6, 0, 5], device='cuda:0')
Epoch 0 | Batch 900
Switching label layer to Inference Mode (LIF)...
Epoch 0 DONE | Test Acc: 9.81% | Time: 198.5s
Switching label layer back to Training Mode (Clamp)...
tensor([8, 7, 8, 3, 0, 3, 2, 2, 8, 7, 2, 1, 3, 7, 7, 1, 7, 8, 1, 8, 5, 2, 3, 1,
        7, 3, 2, 3, 0, 3, 2, 5, 1, 3, 1, 3, 2, 7, 3, 2, 2, 7, 2, 7, 1, 3, 7, 7,
        2, 3, 8, 5, 4, 0, 7, 8, 7, 0, 2, 3, 1, 2, 9, 0], device='cuda:0')
Epoch 1 | Batch 0
tensor([2, 7, 2, 3, 4, 0, 2, 5, 4, 5, 8, 6, 8, 3, 7, 7, 4, 4, 2, 7, 4, 8, 6, 1,
        0, 8, 4, 7, 0, 7, 3, 7, 5, 2, 3, 8, 4, 8, 2, 8, 7, 6, 8, 8, 2, 4, 7, 4,
        5, 3, 5, 4, 8, 0, 5, 8, 8, 3, 8, 7, 5, 5, 6, 4], device='cuda:0')
Epoch 1 | Batch 100
tensor([8, 0, 6, 3, 3, 3, 0, 0, 0, 3, 4, 0, 9, 0, 0, 0, 0, 0, 3, 0, 3, 0, 3, 3,
        7, 3, 0, 8, 7, 3, 3, 0, 3, 3, 3, 0, 0, 0, 1, 0, 9, 0, 0, 0, 0, 7, 3, 3,
        2, 0, 7, 4, 0, 3, 3, 3, 3, 0, 3, 3, 0, 3, 0, 8], device='cuda:0')
Epoch 1 | Batch 200
tensor([0, 8, 7, 9, 6, 8, 8, 6, 1, 1, 0, 7, 0, 7, 2, 0, 0, 5, 5, 5, 8, 9, 6, 8,
        8, 1, 0, 8, 8, 0, 8, 6, 5, 9, 6, 9, 1, 1, 8, 8, 7, 6, 5, 8, 5, 0, 7, 8,
        8, 7, 5, 3, 3, 7, 7, 9, 1, 6, 1, 7, 9, 9, 8, 9], device='cuda:0')
Epoch 1 | Batch 300
tensor([7, 9, 3, 9, 4, 9, 3, 7, 7, 1, 2, 9, 9, 9, 0, 9, 9, 9, 9, 2, 9, 9, 5, 6,
        7, 3, 7, 2, 4, 7, 3, 2, 4, 7, 9, 2, 4, 9, 4, 3, 5, 2, 7, 7, 7, 4, 7, 9,
        9, 2, 7, 9, 4, 0, 4, 2, 8, 9, 8, 3, 7, 9, 9, 4], device='cuda:0')
Epoch 1 | Batch 400
tensor([3, 3, 8, 7, 2, 3, 2, 1, 3, 3, 2, 3, 2, 2, 7, 1, 3, 2, 3, 0, 2, 2, 7, 0,
        7, 8, 0, 2, 1, 3, 0, 2, 2, 2, 3, 2, 2, 7, 2, 2, 2, 2, 7, 8, 7, 2, 7, 2,
        3, 2, 2, 0, 2, 8, 2, 0, 2, 6, 2, 7, 8, 0, 3, 2], device='cuda:0')
Epoch 1 | Batch 500
tensor([0, 6, 5, 2, 2, 6, 2, 6, 0, 6, 6, 0, 0, 1, 1, 1, 2, 6, 8, 1, 6, 1, 9, 1,
        1, 0, 1, 1, 6, 5, 0, 1, 6, 6, 0, 6, 6, 8, 6, 0, 5, 0, 6, 1, 0, 0, 0, 0,
        6, 1, 8, 6, 6, 0, 0, 1, 2, 0, 9, 1, 0, 0, 0, 0], device='cuda:0')
Epoch 1 | Batch 600
tensor([2, 6, 8, 8, 6, 6, 7, 0, 2, 7, 8, 8, 9, 6, 6, 7, 5, 7, 1, 6, 2, 0, 6, 3,
        2, 8, 9, 3, 0, 2, 7, 6, 7, 6, 2, 6, 7, 6, 2, 8, 2, 4, 3, 8, 6, 6, 7, 8,
        2, 2, 9, 8, 8, 2, 6, 2, 2, 3, 6, 6, 8, 8, 2, 1], device='cuda:0')
Epoch 1 | Batch 700
tensor([0, 5, 3, 0, 5, 9, 3, 0, 2, 2, 5, 5, 0, 2, 3, 6, 5, 5, 5, 2, 5, 5, 6, 5,
        5, 0, 8, 0, 5, 0, 2, 0, 3, 6, 0, 0, 3, 0, 0, 3, 5, 2, 0, 2, 3, 0, 0, 5,
        0, 0, 5, 2, 3, 0, 5, 3, 3, 9, 3, 5, 7, 2, 0, 6], device='cuda:0')
Epoch 1 | Batch 800
tensor([8, 8, 1, 0, 2, 2, 9, 3, 0, 2, 2, 6, 7, 3, 5, 2, 8, 8, 8, 5, 8, 8, 3, 0,
        9, 5, 3, 7, 8, 9, 8, 3, 0, 8, 3, 2, 8, 2, 5, 7, 6, 7, 8, 8, 8, 5, 8, 6,
        8, 2, 3, 0, 0, 8, 3, 8, 7, 3, 8, 8, 6, 3, 6, 8], device='cuda:0')
Epoch 1 | Batch 900
Switching label layer to Inference Mode (LIF)...
Epoch 1 DONE | Test Acc: 9.81% | Time: 196.9s
Switching label layer back to Training Mode (Clamp)...
tensor([7, 5, 1, 7, 7, 9, 1, 9, 6, 3, 9, 2, 2, 0, 2, 6, 3, 0, 3, 0, 7, 6, 1, 2,
        2, 0, 1, 6, 3, 9, 9, 9, 1, 6, 7, 0, 9, 8, 2, 1, 7, 7, 9, 7, 0, 1, 1, 5,
        6, 7, 0, 1, 5, 7, 6, 6, 3, 2, 8, 9, 1, 1, 7, 1], device='cuda:0')
Epoch 2 | Batch 0
tensor([8, 0, 0, 0, 8, 0, 0, 0, 0, 0, 7, 7, 8, 0, 9, 0, 2, 8, 5, 0, 8, 0, 0, 0,
        0, 8, 4, 0, 6, 2, 5, 6, 3, 8, 0, 4, 2, 0, 8, 0, 2, 2, 5, 0, 0, 0, 1, 2,
        9, 7, 0, 8, 0, 5, 8, 0, 6, 8, 7, 0, 3, 7, 0, 3], device='cuda:0')
Epoch 2 | Batch 100
tensor([8, 3, 3, 8, 7, 4, 6, 4, 8, 8, 8, 7, 8, 8, 8, 8, 8, 8, 3, 1, 3, 9, 8, 8,
        8, 8, 2, 2, 9, 8, 3, 6, 8, 8, 8, 8, 4, 4, 7, 8, 9, 8, 3, 7, 8, 2, 8, 7,
        6, 4, 6, 8, 8, 7, 3, 8, 6, 0, 3, 6, 8, 1, 3, 1], device='cuda:0')
Epoch 2 | Batch 200
tensor([5, 3, 3, 9, 0, 0, 0, 0, 6, 4, 9, 3, 5, 6, 5, 1, 7, 0, 0, 1, 5, 9, 9, 3,
        3, 0, 7, 0, 5, 4, 5, 3, 9, 1, 5, 5, 0, 0, 7, 3, 3, 1, 9, 0, 3, 0, 7, 9,
        0, 0, 0, 7, 7, 3, 3, 5, 3, 3, 0, 9, 0, 9, 9, 5], device='cuda:0')
Epoch 2 | Batch 300
tensor([0, 0, 0, 0, 0, 3, 3, 6, 8, 8, 0, 0, 6, 3, 0, 8, 3, 0, 0, 3, 6, 0, 1, 6,
        0, 0, 8, 3, 0, 0, 3, 6, 0, 0, 8, 0, 3, 0, 3, 0, 6, 0, 0, 0, 0, 0, 0, 3,
        0, 6, 8, 5, 0, 3, 5, 0, 6, 3, 0, 3, 7, 0, 3, 0], device='cuda:0')
Epoch 2 | Batch 400
tensor([3, 0, 2, 3, 3, 6, 3, 0, 0, 2, 6, 6, 2, 3, 1, 0, 0, 6, 6, 2, 0, 3, 6, 3,
        3, 2, 3, 2, 2, 1, 5, 0, 3, 8, 2, 2, 6, 0, 3, 2, 2, 2, 0, 1, 3, 3, 3, 3,
        0, 4, 6, 3, 7, 3, 1, 8, 0, 0, 2, 6, 8, 0, 8, 3], device='cuda:0')
Epoch 2 | Batch 500
tensor([3, 3, 3, 9, 3, 9, 3, 3, 3, 3, 0, 3, 3, 0, 3, 3, 3, 3, 3, 3, 9, 5, 3, 3,
        3, 3, 3, 3, 3, 3, 3, 3, 3, 1, 3, 1, 3, 3, 3, 3, 3, 3, 5, 3, 9, 5, 3, 3,
        3, 3, 9, 3, 3, 3, 3, 3, 3, 3, 3, 3, 3, 2, 0, 3], device='cuda:0')
Epoch 2 | Batch 600
tensor([4, 5, 3, 2, 7, 3, 4, 0, 2, 5, 0, 5, 4, 8, 2, 7, 0, 3, 0, 7, 5, 7, 0, 0,
        2, 0, 8, 0, 3, 3, 2, 0, 0, 7, 6, 0, 2, 2, 7, 0, 0, 2, 7, 2, 7, 2, 0, 5,
        2, 0, 4, 0, 2, 7, 5, 7, 0, 0, 0, 0, 8, 6, 2, 7], device='cuda:0')
Epoch 2 | Batch 700
tensor([0, 0, 0, 7, 0, 3, 0, 0, 6, 7, 0, 6, 2, 0, 5, 6, 6, 0, 6, 0, 8, 2, 0, 5,
        0, 5, 0, 7, 0, 0, 6, 6, 7, 2, 0, 2, 0, 7, 0, 3, 0, 0, 6, 0, 6, 0, 5, 2,
        2, 5, 6, 6, 5, 8, 0, 6, 0, 4, 7, 0, 7, 1, 0, 0], device='cuda:0')
Epoch 2 | Batch 800
tensor([6, 0, 5, 2, 0, 4, 5, 0, 1, 0, 1, 4, 2, 1, 3, 4, 6, 0, 8, 0, 8, 7, 0, 0,
        2, 2, 0, 0, 6, 0, 7, 8, 8, 5, 2, 8, 8, 1, 0, 8, 2, 6, 9, 2, 6, 1, 0, 2,
        0, 0, 0, 0, 0, 0, 7, 6, 7, 4, 0, 5, 4, 9, 4, 2], device='cuda:0')
Epoch 2 | Batch 900
Switching label layer to Inference Mode (LIF)...
Epoch 2 DONE | Test Acc: 9.81% | Time: 197.3s
Switching label layer back to Training Mode (Clamp)...
tensor([2, 5, 4, 4, 5, 2, 5, 2, 0, 2, 3, 4, 8, 2, 6, 2, 6, 2, 2, 0, 6, 0, 2, 8,
        3, 0, 3, 2, 9, 0, 2, 0, 4, 0, 2, 2, 8, 8, 0, 2, 2, 0, 4, 0, 2, 9, 8, 8,
        4, 0, 2, 4, 7, 3, 8, 2, 9, 3, 8, 0, 3, 0, 2, 0], device='cuda:0')
Epoch 3 | Batch 0
tensor([2, 2, 2, 0, 2, 2, 2, 2, 2, 2, 6, 6, 6, 2, 6, 2, 2, 1, 5, 2, 6, 2, 2, 2,
        2, 2, 1, 4, 2, 9, 0, 0, 2, 2, 4, 4, 2, 6, 2, 5, 0, 2, 2, 3, 1, 0, 1, 5,
        2, 3, 0, 2, 2, 1, 0, 6, 2, 2, 6, 2, 2, 9, 2, 6], device='cuda:0')
Epoch 3 | Batch 100
tensor([3, 9, 2, 9, 3, 5, 8, 2, 4, 0, 0, 7, 0, 3, 2, 3, 3, 9, 0, 3, 3, 1, 2, 3,
        0, 0, 7, 3, 7, 3, 1, 3, 2, 1, 9, 3, 7, 3, 0, 3, 0, 7, 3, 2, 3, 3, 3, 2,
        3, 3, 8, 3, 0, 9, 3, 3, 2, 0, 7, 1, 2, 2, 5, 7], device='cuda:0')
Epoch 3 | Batch 200
tensor([7, 5, 3, 3, 1, 8, 9, 3, 1, 9, 3, 1, 5, 5, 1, 7, 5, 8, 1, 3, 5, 1, 6, 7,
        7, 1, 6, 3, 8, 1, 7, 0, 9, 5, 1, 1, 5, 9, 3, 3, 5, 3, 5, 6, 8, 5, 5, 6,
        3, 6, 8, 7, 1, 4, 1, 7, 6, 8, 3, 7, 5, 5, 5, 3], device='cuda:0')
Epoch 3 | Batch 300
tensor([3, 8, 6, 2, 0, 1, 0, 2, 0, 0, 8, 8, 0, 2, 6, 0, 0, 9, 5, 0, 6, 8, 3, 9,
        3, 0, 0, 0, 7, 9, 3, 3, 3, 7, 3, 0, 2, 2, 3, 2, 6, 3, 0, 6, 0, 0, 0, 4,
        6, 9, 5, 2, 6, 9, 0, 7, 0, 0, 9, 0, 3, 7, 8, 0], device='cuda:0')
Epoch 3 | Batch 400
tensor([0, 2, 8, 0, 2, 0, 2, 6, 7, 2, 0, 2, 6, 6, 0, 2, 2, 0, 6, 0, 0, 0, 2, 5,
        7, 0, 0, 0, 3, 2, 0, 2, 0, 0, 2, 0, 2, 6, 0, 0, 0, 0, 6, 0, 0, 0, 2, 2,
        0, 0, 6, 6, 0, 7, 2, 8, 2, 2, 8, 6, 2, 2, 0, 0], device='cuda:0')
Epoch 3 | Batch 500
tensor([7, 1, 4, 3, 3, 7, 7, 7, 2, 8, 9, 2, 6, 3, 8, 7, 9, 2, 5, 3, 3, 3, 6, 2,
        3, 5, 7, 2, 9, 3, 4, 3, 5, 3, 2, 3, 5, 7, 9, 7, 7, 6, 9, 5, 9, 6, 8, 0,
        7, 7, 2, 7, 7, 0, 8, 9, 9, 3, 8, 9, 7, 3, 5, 3], device='cuda:0')
Epoch 3 | Batch 600
tensor([5, 9, 1, 1, 1, 6, 6, 4, 9, 1, 1, 1, 9, 5, 6, 1, 1, 9, 1, 1, 1, 1, 9, 5,
        5, 6, 1, 6, 9, 9, 1, 9, 9, 9, 2, 5, 1, 9, 9, 6, 2, 4, 9, 1, 0, 1, 1, 9,
        1, 1, 1, 1, 9, 9, 2, 1, 4, 9, 3, 1, 9, 9, 6, 9], device='cuda:0')
Epoch 3 | Batch 700
tensor([7, 6, 1, 0, 3, 0, 6, 7, 3, 3, 6, 1, 3, 8, 7, 0, 1, 6, 7, 3, 4, 0, 3, 6,
        4, 3, 6, 6, 0, 0, 3, 7, 3, 7, 6, 6, 0, 3, 3, 1, 4, 7, 3, 6, 0, 8, 1, 3,
        0, 1, 6, 6, 1, 8, 6, 0, 6, 7, 3, 6, 3, 3, 1, 6], device='cuda:0')
Epoch 3 | Batch 800
tensor([0, 1, 4, 0, 0, 0, 4, 0, 8, 0, 8, 0, 0, 9, 0, 0, 0, 1, 0, 1, 0, 0, 0, 0,
        0, 1, 4, 0, 0, 1, 0, 0, 0, 4, 7, 4, 0, 0, 0, 7, 0, 0, 0, 0, 0, 8, 0, 0,
        0, 0, 0, 0, 0, 1, 0, 0, 1, 0, 0, 8, 0, 0, 7, 0], device='cuda:0')
Epoch 3 | Batch 900
Switching label layer to Inference Mode (LIF)...
Epoch 3 DONE | Test Acc: 9.81% | Time: 197.3s
Switching label layer back to Training Mode (Clamp)...
tensor([4, 4, 0, 8, 4, 4, 0, 0, 0, 0, 3, 4, 5, 0, 4, 0, 4, 3, 0, 0, 1, 0, 0, 4,
        0, 5, 0, 0, 4, 4, 0, 8, 0, 0, 8, 0, 1, 0, 0, 4, 0, 8, 8, 3, 3, 0, 0, 3,
        4, 0, 0, 8, 0, 4, 0, 0, 1, 0, 4, 0, 0, 0, 0, 0], device='cuda:0')
Epoch 4 | Batch 0
tensor([6, 5, 0, 0, 0, 1, 0, 4, 2, 0, 0, 8, 1, 0, 6, 8, 0, 6, 0, 0, 8, 0, 0, 0,
        8, 0, 9, 6, 0, 8, 6, 0, 1, 4, 0, 8, 8, 5, 0, 6, 0, 6, 1, 6, 8, 6, 5, 6,
        8, 1, 8, 1, 0, 6, 8, 6, 6, 8, 6, 6, 0, 6, 0, 0], device='cuda:0')
Epoch 4 | Batch 100
tensor([0, 3, 1, 1, 2, 0, 0, 3, 5, 6, 5, 8, 1, 0, 3, 6, 2, 2, 5, 2, 2, 1, 2, 3,
        0, 3, 5, 2, 2, 8, 1, 5, 2, 3, 3, 1, 2, 0, 1, 5, 6, 1, 5, 0, 6, 0, 5, 1,
        2, 1, 0, 0, 3, 0, 1, 0, 0, 2, 2, 2, 9, 5, 1, 7], device='cuda:0')
Epoch 4 | Batch 200
tensor([3, 3, 1, 4, 6, 1, 3, 3, 3, 3, 3, 6, 3, 4, 6, 3, 3, 6, 4, 2, 0, 0, 0, 3,
        4, 0, 0, 1, 6, 4, 5, 7, 6, 4, 3, 0, 4, 2, 3, 3, 8, 4, 0, 4, 3, 4, 0, 9,
        2, 6, 4, 4, 8, 3, 6, 1, 5, 3, 3, 3, 4, 4, 3, 6], device='cuda:0')
Epoch 4 | Batch 300
tensor([0, 4, 7, 2, 2, 2, 0, 2, 2, 2, 0, 0, 3, 1, 2, 1, 2, 1, 7, 2, 0, 0, 2, 8,
        0, 0, 7, 1, 7, 1, 0, 0, 0, 9, 1, 1, 0, 1, 1, 8, 1, 6, 2, 9, 3, 0, 2, 1,
        2, 0, 0, 0, 7, 0, 0, 2, 9, 0, 8, 1, 2, 2, 0, 9], device='cuda:0')
Epoch 4 | Batch 400
tensor([0, 3, 9, 3, 3, 3, 0, 0, 3, 3, 3, 3, 9, 3, 3, 0, 3, 9, 8, 3, 3, 1, 3, 3,
        3, 1, 1, 9, 0, 3, 3, 3, 3, 3, 3, 3, 3, 3, 4, 3, 0, 3, 6, 3, 4, 9, 3, 4,
        3, 3, 3, 6, 3, 0, 3, 3, 3, 3, 3, 1, 3, 4, 3, 9], device='cuda:0')
Epoch 4 | Batch 500
tensor([6, 6, 1, 6, 4, 2, 0, 3, 3, 6, 3, 6, 4, 6, 6, 6, 6, 3, 1, 3, 2, 6, 6, 1,
        6, 6, 8, 6, 1, 1, 0, 6, 4, 6, 6, 6, 3, 3, 6, 4, 0, 7, 6, 6, 3, 3, 6, 6,
        6, 7, 7, 6, 1, 2, 3, 6, 0, 3, 7, 0, 0, 0, 3, 4], device='cuda:0')
Epoch 4 | Batch 600
tensor([4, 7, 8, 5, 8, 4, 8, 7, 0, 0, 4, 6, 4, 6, 4, 7, 1, 5, 7, 0, 0, 4, 5, 5,
        8, 7, 0, 8, 0, 7, 8, 1, 0, 7, 4, 4, 5, 7, 4, 5, 0, 7, 7, 7, 5, 7, 0, 5,
        7, 8, 8, 3, 0, 7, 3, 8, 7, 3, 9, 7, 9, 8, 1, 0], device='cuda:0')
Epoch 4 | Batch 700
tensor([1, 5, 1, 0, 1, 1, 0, 1, 0, 0, 8, 0, 1, 1, 8, 1, 1, 7, 7, 1, 1, 1, 1, 0,
        1, 6, 9, 7, 1, 1, 1, 1, 1, 1, 0, 8, 0, 1, 0, 1, 1, 1, 1, 1, 1, 7, 1, 1,
        1, 1, 1, 1, 1, 0, 1, 8, 1, 1, 1, 9, 1, 1, 1, 1], device='cuda:0')
Epoch 4 | Batch 800
tensor([4, 8, 9, 8, 8, 8, 1, 9, 9, 8, 9, 4, 8, 8, 8, 4, 0, 4, 4, 8, 0, 9, 0, 8,
        4, 9, 2, 0, 4, 1, 4, 8, 0, 8, 0, 7, 4, 7, 8, 8, 9, 4, 0, 8, 8, 9, 9, 8,
        8, 0, 4, 4, 4, 8, 8, 8, 9, 8, 8, 8, 8, 8, 7, 4], device='cuda:0')
Epoch 4 | Batch 900
Switching label layer to Inference Mode (LIF)...
Epoch 4 DONE | Test Acc: 9.81% | Time: 197.4s
Switching label layer back to Training Mode (Clamp)...
tensor([0, 9, 6, 6, 0, 2, 0, 6, 7, 0, 7, 9, 6, 6, 2, 7, 6, 6, 7, 6, 4, 7, 5, 8,
        6, 6, 1, 7, 0, 5, 0, 6, 6, 5, 6, 0, 6, 0, 6, 0, 6, 6, 5, 4, 6, 0, 7, 7,
        7, 9, 6, 6, 6, 2, 6, 2, 6, 6, 0, 9, 6, 6, 0, 7], device='cuda:0')
Epoch 5 | Batch 0
tensor([3, 3, 4, 0, 6, 6, 1, 6, 0, 0, 4, 3, 8, 6, 6, 8, 3, 1, 3, 5, 8, 8, 6, 3,
        4, 0, 0, 8, 0, 3, 4, 3, 8, 8, 4, 6, 3, 3, 3, 3, 3, 3, 3, 1, 3, 8, 6, 6,
        8, 1, 8, 4, 3, 8, 6, 8, 1, 6, 1, 8, 3, 8, 8, 9], device='cuda:0')
Epoch 5 | Batch 100
tensor([9, 2, 0, 0, 3, 4, 3, 3, 2, 2, 4, 8, 4, 3, 2, 9, 3, 3, 3, 4, 3, 2, 3, 3,
        3, 9, 3, 2, 9, 4, 2, 3, 4, 7, 7, 8, 4, 4, 2, 9, 3, 2, 4, 2, 7, 2, 3, 3,
        2, 7, 3, 2, 7, 2, 2, 3, 4, 3, 2, 3, 4, 7, 2, 4], device='cuda:0')
Epoch 5 | Batch 200
tensor([2, 1, 7, 3, 3, 5, 2, 3, 3, 1, 1, 2, 1, 2, 9, 1, 1, 1, 2, 8, 3, 3, 9, 1,
        5, 6, 3, 5, 9, 1, 3, 9, 3, 1, 1, 1, 6, 6, 1, 5, 2, 1, 1, 3, 0, 3, 1, 7,
        1, 1, 3, 1, 9, 3, 9, 1, 1, 3, 9, 1, 1, 1, 7, 1], device='cuda:0')
Epoch 5 | Batch 300
tensor([5, 7, 7, 7, 8, 4, 8, 6, 7, 6, 5, 5, 6, 7, 3, 7, 3, 6, 9, 7, 9, 3, 5, 6,
        3, 9, 7, 7, 7, 7, 3, 3, 5, 3, 7, 7, 8, 5, 2, 7, 3, 7, 7, 3, 8, 3, 0, 7,
        6, 3, 3, 8, 7, 5, 3, 9, 7, 3, 7, 4, 7, 8, 6, 7], device='cuda:0')
Epoch 5 | Batch 400
tensor([0, 8, 3, 5, 1, 3, 9, 9, 3, 7, 4, 1, 6, 4, 9, 9, 9, 9, 9, 6, 9, 0, 9, 9,
        9, 2, 0, 9, 5, 7, 5, 6, 2, 0, 9, 2, 9, 2, 0, 3, 7, 1, 8, 1, 9, 9, 4, 3,
        9, 6, 9, 0, 8, 3, 9, 1, 5, 9, 7, 9, 9, 9, 9, 9], device='cuda:0')
Epoch 5 | Batch 500
tensor([4, 1, 0, 0, 4, 0, 6, 0, 0, 3, 0, 6, 0, 0, 0, 0, 6, 0, 0, 2, 0, 0, 3, 1,
        6, 0, 0, 0, 0, 0, 0, 2, 4, 6, 0, 7, 1, 0, 3, 0, 0, 0, 0, 3, 6, 0, 3, 6,
        0, 1, 0, 0, 4, 0, 1, 0, 0, 2, 1, 0, 0, 2, 1, 6], device='cuda:0')
Epoch 5 | Batch 600
tensor([0, 0, 7, 8, 8, 8, 7, 1, 8, 6, 4, 8, 0, 8, 6, 7, 4, 6, 3, 8, 6, 4, 4, 3,
        6, 7, 4, 4, 4, 6, 8, 7, 4, 6, 4, 6, 4, 4, 0, 6, 8, 3, 6, 8, 4, 6, 4, 6,
        8, 3, 6, 6, 2, 4, 7, 0, 4, 4, 3, 7, 0, 8, 4, 3], device='cuda:0')
Epoch 5 | Batch 700
tensor([3, 6, 0, 0, 3, 7, 6, 3, 3, 0, 3, 6, 3, 0, 6, 3, 7, 3, 0, 3, 0, 3, 0, 7,
        3, 3, 0, 3, 3, 0, 4, 0, 3, 9, 3, 3, 0, 3, 3, 1, 3, 3, 9, 0, 0, 1, 3, 3,
        3, 3, 0, 0, 2, 7, 3, 3, 3, 3, 0, 6, 3, 3, 3, 3], device='cuda:0')
Epoch 5 | Batch 800
tensor([2, 8, 7, 8, 0, 9, 2, 2, 1, 7, 2, 8, 2, 2, 2, 2, 2, 7, 2, 2, 7, 0, 2, 0,
        2, 9, 7, 2, 4, 2, 8, 7, 2, 0, 2, 7, 2, 2, 2, 7, 7, 2, 0, 8, 9, 2, 9, 4,
        6, 2, 2, 2, 8, 7, 8, 2, 2, 2, 8, 2, 2, 7, 2, 9], device='cuda:0')
Epoch 5 | Batch 900
Switching label layer to Inference Mode (LIF)...
Epoch 5 DONE | Test Acc: 9.81% | Time: 197.4s
Switching label layer back to Training Mode (Clamp)...
tensor([4, 4, 4, 1, 0, 4, 9, 8, 8, 4, 9, 3, 1, 2, 4, 8, 4, 4, 3, 8, 3, 9, 4, 9,
        4, 3, 2, 2, 3, 1, 1, 2, 4, 4, 3, 9, 3, 9, 2, 4, 4, 8, 2, 4, 4, 8, 6, 9,
        1, 3, 4, 3, 1, 4, 9, 2, 4, 3, 3, 4, 4, 2, 4, 3], device='cuda:0')
Epoch 6 | Batch 0
tensor([2, 0, 9, 9, 9, 9, 0, 9, 9, 9, 9, 5, 4, 0, 2, 0, 3, 0, 9, 0, 9, 3, 4, 2,
        5, 9, 0, 2, 9, 0, 0, 0, 0, 2, 0, 0, 0, 0, 9, 0, 2, 2, 9, 5, 3, 3, 9, 2,
        0, 5, 9, 2, 0, 9, 0, 2, 2, 3, 9, 9, 7, 9, 9, 9], device='cuda:0')
Epoch 6 | Batch 100
tensor([8, 4, 1, 2, 6, 4, 6, 6, 0, 9, 3, 1, 8, 0, 1, 0, 8, 7, 9, 2, 0, 9, 2, 3,
        0, 0, 2, 3, 6, 9, 8, 1, 1, 0, 1, 3, 1, 4, 5, 1, 0, 0, 2, 0, 2, 1, 0, 5,
        6, 0, 0, 0, 0, 9, 0, 0, 2, 6, 0, 0, 4, 6, 0, 5], device='cuda:0')
Epoch 6 | Batch 200
tensor([1, 4, 3, 7, 1, 3, 9, 7, 1, 3, 7, 3, 2, 4, 3, 8, 9, 9, 4, 1, 4, 8, 7, 9,
        3, 3, 4, 9, 3, 2, 3, 4, 3, 0, 4, 8, 0, 7, 4, 5, 7, 3, 7, 2, 8, 7, 1, 9,
        4, 6, 1, 8, 9, 2, 9, 7, 9, 8, 2, 8, 8, 3, 4, 1], device='cuda:0')
Epoch 6 | Batch 300
tensor([9, 3, 2, 7, 2, 9, 9, 7, 4, 9, 2, 3, 3, 2, 4, 4, 2, 4, 2, 2, 2, 9, 2, 3,
        7, 2, 2, 2, 2, 7, 4, 9, 2, 3, 4, 2, 3, 2, 9, 2, 7, 7, 7, 9, 3, 2, 0, 3,
        0, 7, 2, 4, 2, 9, 2, 7, 4, 3, 7, 2, 9, 0, 4, 3], device='cuda:0')
Epoch 6 | Batch 400
tensor([0, 0, 0, 0, 3, 3, 0, 3, 0, 3, 0, 0, 3, 2, 8, 3, 3, 5, 0, 0, 3, 0, 0, 0,
        3, 0, 0, 0, 8, 2, 3, 8, 3, 0, 3, 7, 3, 0, 3, 0, 3, 0, 0, 0, 3, 0, 9, 0,
        0, 0, 0, 3, 0, 0, 3, 8, 3, 3, 0, 0, 0, 5, 5, 0], device='cuda:0')
Epoch 6 | Batch 500
tensor([0, 2, 3, 3, 3, 3, 9, 3, 6, 1, 6, 4, 0, 9, 3, 9, 6, 6, 0, 3, 1, 3, 9, 0,
        3, 3, 0, 3, 3, 3, 3, 9, 3, 9, 8, 0, 3, 9, 3, 6, 1, 6, 9, 1, 1, 0, 3, 6,
        9, 3, 0, 6, 3, 3, 0, 6, 0, 1, 9, 8, 3, 6, 6, 4], device='cuda:0')
Epoch 6 | Batch 600
tensor([0, 9, 8, 0, 1, 8, 0, 1, 1, 2, 2, 3, 9, 1, 8, 1, 6, 1, 2, 0, 0, 2, 1, 0,
        1, 0, 8, 2, 1, 1, 9, 9, 1, 9, 0, 6, 1, 1, 8, 7, 0, 3, 1, 3, 0, 0, 8, 1,
        0, 8, 8, 8, 6, 9, 0, 9, 1, 9, 9, 1, 8, 9, 0, 4], device='cuda:0')
Epoch 6 | Batch 700
tensor([6, 2, 0, 2, 6, 3, 0, 9, 5, 5, 8, 3, 6, 3, 9, 3, 5, 7, 9, 9, 2, 6, 2, 5,
        0, 0, 6, 5, 5, 3, 3, 2, 3, 7, 7, 0, 0, 4, 8, 0, 6, 8, 0, 6, 6, 2, 3, 9,
        0, 9, 3, 6, 6, 5, 0, 6, 6, 5, 3, 8, 0, 7, 3, 3], device='cuda:0')
Epoch 6 | Batch 800
tensor([3, 7, 0, 0, 3, 4, 3, 3, 6, 3, 6, 3, 8, 6, 0, 0, 6, 0, 7, 6, 3, 3, 6, 8,
        0, 1, 7, 2, 6, 9, 0, 0, 7, 3, 8, 7, 3, 7, 7, 8, 7, 0, 7, 7, 6, 3, 6, 3,
        8, 1, 6, 6, 6, 6, 0, 7, 3, 6, 6, 6, 3, 6, 7, 8], device='cuda:0')
Epoch 6 | Batch 900
Switching label layer to Inference Mode (LIF)...
Epoch 6 DONE | Test Acc: 9.81% | Time: 197.3s
Switching label layer back to Training Mode (Clamp)...
tensor([7, 5, 8, 2, 9, 2, 3, 2, 1, 8, 2, 3, 3, 2, 1, 2, 1, 8, 3, 2, 1, 2, 1, 8,
        8, 1, 1, 1, 5, 2, 5, 2, 2, 4, 1, 0, 2, 8, 8, 1, 7, 0, 2, 2, 8, 2, 2, 0,
        4, 8, 0, 2, 7, 0, 0, 4, 0, 1, 8, 4, 2, 2, 1, 0], device='cuda:0')
Epoch 7 | Batch 0
tensor([2, 2, 6, 2, 6, 8, 3, 6, 6, 0, 2, 7, 8, 0, 2, 2, 2, 2, 9, 3, 2, 2, 2, 2,
        4, 0, 2, 7, 2, 7, 2, 2, 6, 6, 2, 2, 2, 2, 7, 2, 8, 0, 2, 2, 9, 0, 2, 2,
        2, 6, 2, 2, 2, 8, 2, 2, 6, 3, 3, 3, 8, 2, 8, 2], device='cuda:0')
Epoch 7 | Batch 100
tensor([0, 3, 0, 0, 4, 4, 4, 4, 7, 7, 0, 7, 9, 4, 7, 7, 3, 0, 4, 0, 3, 7, 8, 7,
        7, 3, 7, 2, 4, 7, 7, 7, 7, 4, 0, 7, 7, 9, 7, 7, 3, 2, 7, 3, 9, 7, 1, 9,
        7, 4, 7, 6, 7, 7, 9, 7, 7, 7, 4, 4, 6, 4, 3, 7], device='cuda:0')
Epoch 7 | Batch 200
tensor([0, 2, 6, 6, 0, 8, 0, 7, 5, 7, 2, 9, 6, 0, 0, 0, 2, 8, 0, 7, 0, 0, 0, 0,
        4, 7, 6, 6, 8, 0, 8, 2, 6, 0, 6, 0, 8, 0, 0, 7, 2, 4, 6, 0, 0, 0, 8, 0,
        0, 0, 0, 7, 6, 6, 8, 7, 8, 0, 7, 6, 0, 4, 4, 6], device='cuda:0')
Epoch 7 | Batch 300
tensor([3, 3, 7, 3, 7, 3, 7, 7, 3, 7, 3, 3, 3, 3, 7, 3, 3, 3, 3, 3, 7, 3, 3, 6,
        3, 3, 3, 1, 6, 3, 9, 5, 3, 3, 3, 3, 4, 3, 7, 3, 3, 4, 4, 3, 3, 3, 6, 5,
        5, 3, 5, 3, 3, 3, 2, 3, 9, 7, 3, 3, 3, 5, 9, 3], device='cuda:0')
Epoch 7 | Batch 400
tensor([1, 3, 8, 1, 1, 6, 8, 2, 0, 4, 0, 6, 8, 1, 8, 0, 8, 6, 6, 6, 9, 2, 3, 6,
        4, 1, 8, 4, 4, 8, 8, 8, 2, 2, 8, 8, 1, 6, 8, 6, 6, 6, 6, 2, 9, 1, 2, 3,
        6, 0, 1, 1, 4, 0, 0, 4, 1, 4, 6, 8, 0, 2, 6, 3], device='cuda:0')
Epoch 7 | Batch 500
tensor([3, 3, 2, 3, 9, 2, 8, 2, 3, 8, 3, 0, 3, 3, 3, 4, 4, 3, 0, 2, 3, 2, 2, 9,
        3, 2, 2, 2, 3, 2, 0, 3, 2, 2, 8, 2, 3, 0, 8, 2, 3, 3, 3, 0, 3, 0, 0, 2,
        3, 3, 0, 2, 8, 0, 2, 2, 6, 3, 8, 3, 0, 9, 2, 4], device='cuda:0')
Epoch 7 | Batch 600
tensor([6, 6, 0, 1, 0, 3, 0, 0, 6, 1, 3, 3, 2, 0, 1, 1, 9, 3, 2, 1, 9, 1, 0, 9,
        2, 0, 6, 6, 3, 9, 6, 0, 3, 2, 0, 5, 9, 6, 9, 0, 6, 9, 9, 0, 1, 0, 6, 1,
        2, 1, 2, 2, 0, 5, 5, 1, 3, 6, 1, 6, 0, 3, 2, 9], device='cuda:0')
Epoch 7 | Batch 700
tensor([3, 7, 5, 3, 3, 2, 2, 2, 2, 3, 8, 8, 5, 9, 7, 0, 8, 2, 8, 8, 3, 5, 1, 2,
        3, 3, 3, 5, 3, 7, 8, 2, 3, 8, 5, 8, 8, 7, 2, 9, 8, 2, 0, 7, 7, 5, 8, 9,
        2, 9, 7, 7, 0, 8, 8, 2, 5, 8, 8, 1, 3, 7, 6, 5], device='cuda:0')
Epoch 7 | Batch 800
tensor([3, 7, 7, 2, 2, 7, 2, 7, 7, 4, 2, 2, 2, 0, 7, 6, 2, 2, 3, 0, 7, 0, 2, 2,
        2, 7, 2, 0, 7, 2, 6, 4, 0, 7, 7, 4, 7, 3, 4, 2, 2, 7, 1, 7, 1, 2, 7, 0,
        2, 0, 7, 0, 7, 2, 5, 0, 4, 2, 2, 7, 7, 7, 3, 2], device='cuda:0')
Epoch 7 | Batch 900
Switching label layer to Inference Mode (LIF)...
Epoch 7 DONE | Test Acc: 9.81% | Time: 197.1s
Switching label layer back to Training Mode (Clamp)...
tensor([0, 6, 0, 0, 0, 0, 1, 0, 8, 7, 7, 0, 4, 7, 1, 2, 0, 0, 0, 1, 7, 0, 0, 8,
        0, 0, 7, 9, 6, 7, 0, 1, 2, 2, 0, 1, 0, 7, 9, 8, 0, 9, 7, 8, 0, 7, 7, 0,
        2, 8, 0, 0, 7, 0, 1, 9, 2, 0, 0, 7, 7, 2, 7, 0], device='cuda:0')
Epoch 8 | Batch 0
tensor([0, 7, 7, 0, 0, 7, 0, 7, 7, 7, 0, 7, 7, 8, 8, 0, 7, 0, 1, 1, 7, 7, 7, 0,
        7, 7, 0, 7, 4, 7, 7, 0, 4, 8, 0, 7, 7, 7, 4, 7, 2, 7, 4, 8, 4, 4, 7, 0,
        7, 7, 7, 0, 0, 7, 4, 7, 7, 0, 7, 4, 7, 4, 7, 0], device='cuda:0')
Epoch 8 | Batch 100
tensor([1, 6, 7, 8, 8, 1, 6, 9, 0, 6, 7, 4, 6, 1, 1, 7, 6, 1, 1, 8, 8, 1, 1, 7,
        1, 0, 6, 1, 3, 8, 7, 0, 6, 6, 6, 7, 8, 6, 7, 6, 8, 0, 1, 0, 8, 3, 0, 8,
        6, 6, 6, 0, 7, 1, 6, 7, 8, 3, 7, 7, 1, 3, 3, 6], device='cuda:0')
Epoch 8 | Batch 200
tensor([3, 3, 6, 0, 0, 3, 0, 3, 5, 0, 3, 3, 0, 3, 6, 6, 0, 0, 0, 0, 0, 6, 0, 6,
        0, 0, 6, 0, 0, 6, 3, 6, 0, 0, 0, 3, 6, 0, 0, 0, 0, 7, 3, 9, 0, 6, 0, 0,
        0, 6, 3, 0, 6, 0, 3, 3, 5, 9, 0, 3, 3, 6, 0, 0], device='cuda:0')
Epoch 8 | Batch 300
tensor([0, 3, 6, 0, 3, 2, 0, 3, 3, 0, 0, 0, 4, 0, 2, 3, 2, 2, 0, 0, 6, 0, 0, 2,
        3, 5, 2, 0, 1, 0, 3, 2, 2, 2, 0, 0, 0, 7, 5, 2, 2, 7, 0, 3, 4, 5, 0, 0,
        0, 7, 9, 3, 0, 0, 2, 4, 0, 3, 2, 6, 4, 3, 0, 0], device='cuda:0')
Epoch 8 | Batch 400
tensor([3, 8, 2, 8, 8, 7, 3, 5, 4, 0, 3, 3, 8, 9, 8, 0, 8, 3, 0, 3, 1, 8, 7, 3,
        8, 0, 3, 8, 0, 8, 7, 8, 7, 1, 8, 8, 3, 7, 1, 2, 8, 8, 1, 9, 8, 0, 0, 8,
        8, 8, 8, 3, 1, 3, 7, 3, 3, 8, 0, 8, 8, 0, 8, 7], device='cuda:0')
Epoch 8 | Batch 500
tensor([7, 0, 2, 0, 2, 2, 9, 3, 2, 7, 2, 9, 3, 1, 2, 2, 4, 7, 0, 5, 0, 0, 2, 0,
        2, 0, 2, 9, 7, 2, 2, 7, 0, 0, 0, 5, 2, 5, 0, 2, 3, 3, 0, 3, 2, 2, 4, 3,
        2, 9, 5, 5, 3, 3, 0, 3, 4, 3, 2, 0, 2, 7, 2, 2], device='cuda:0')
Epoch 8 | Batch 600
tensor([5, 5, 8, 7, 4, 2, 8, 5, 0, 2, 4, 2, 7, 7, 4, 0, 7, 5, 7, 7, 3, 7, 7, 7,
        2, 4, 5, 8, 7, 8, 7, 7, 9, 8, 7, 7, 2, 0, 2, 7, 7, 7, 7, 8, 5, 1, 4, 2,
        8, 8, 7, 6, 3, 8, 0, 7, 5, 2, 7, 8, 7, 2, 7, 2], device='cuda:0')
Epoch 8 | Batch 700
tensor([0, 0, 6, 9, 8, 6, 3, 8, 0, 9, 9, 8, 3, 6, 3, 2, 9, 9, 8, 3, 2, 0, 3, 8,
        1, 6, 9, 5, 0, 2, 8, 0, 0, 9, 3, 9, 9, 2, 0, 9, 5, 9, 2, 8, 2, 9, 0, 3,
        0, 3, 0, 0, 8, 0, 2, 6, 6, 9, 6, 0, 5, 8, 0, 8], device='cuda:0')
Epoch 8 | Batch 800
tensor([4, 6, 7, 5, 5, 2, 7, 2, 7, 7, 7, 6, 2, 6, 3, 6, 8, 1, 4, 3, 8, 6, 7, 8,
        2, 2, 8, 6, 4, 6, 1, 6, 3, 7, 2, 7, 6, 4, 6, 2, 2, 7, 7, 2, 2, 6, 4, 2,
        7, 7, 7, 4, 4, 7, 6, 5, 5, 7, 8, 7, 4, 0, 7, 2], device='cuda:0')
Epoch 8 | Batch 900
Switching label layer to Inference Mode (LIF)...
Epoch 8 DONE | Test Acc: 9.81% | Time: 197.4s
Switching label layer back to Training Mode (Clamp)...
tensor([6, 6, 6, 0, 0, 0, 6, 0, 7, 6, 0, 6, 0, 6, 3, 4, 0, 0, 3, 6, 0, 6, 0, 0,
        0, 0, 3, 3, 0, 6, 0, 6, 2, 0, 9, 6, 0, 0, 3, 0, 6, 4, 0, 0, 6, 0, 7, 6,
        9, 2, 6, 0, 4, 0, 9, 9, 0, 0, 0, 0, 0, 3, 0, 3], device='cuda:0')
Epoch 9 | Batch 0
tensor([5, 9, 6, 8, 1, 8, 9, 5, 1, 5, 1, 6, 1, 8, 1, 9, 8, 5, 5, 6, 6, 8, 5, 6,
        1, 6, 6, 5, 9, 0, 9, 6, 1, 8, 5, 9, 6, 8, 8, 9, 6, 8, 5, 5, 0, 1, 5, 0,
        1, 9, 8, 6, 9, 1, 5, 2, 9, 8, 8, 8, 8, 9, 8, 8], device='cuda:0')
Epoch 9 | Batch 100
tensor([6, 5, 6, 6, 1, 6, 6, 7, 0, 6, 3, 6, 5, 2, 6, 6, 0, 0, 6, 6, 7, 1, 6, 0,
        0, 5, 7, 0, 5, 4, 6, 7, 6, 6, 5, 7, 7, 6, 7, 2, 6, 5, 6, 1, 1, 0, 0, 1,
        6, 6, 0, 6, 6, 6, 1, 1, 6, 6, 6, 7, 4, 0, 5, 0], device='cuda:0')
Epoch 9 | Batch 200
tensor([2, 1, 2, 2, 2, 2, 7, 6, 6, 2, 1, 2, 7, 1, 1, 2, 1, 2, 2, 5, 7, 1, 1, 2,
        2, 2, 6, 6, 5, 1, 6, 6, 2, 1, 6, 2, 1, 2, 6, 2, 2, 6, 2, 2, 2, 2, 2, 2,
        2, 1, 7, 6, 1, 2, 2, 1, 2, 0, 2, 1, 6, 2, 1, 2], device='cuda:0')
Epoch 9 | Batch 300
tensor([9, 1, 2, 2, 2, 1, 2, 1, 1, 1, 1, 9, 1, 2, 1, 2, 1, 6, 2, 6, 2, 1, 6, 1,
        1, 1, 1, 8, 1, 2, 9, 2, 1, 1, 6, 2, 6, 6, 3, 1, 6, 2, 1, 9, 1, 9, 2, 2,
        2, 1, 2, 2, 7, 2, 2, 6, 2, 1, 7, 1, 2, 1, 1, 1], device='cuda:0')
Epoch 9 | Batch 400
tensor([3, 5, 2, 3, 6, 1, 2, 1, 5, 1, 6, 1, 3, 1, 2, 1, 2, 2, 2, 3, 7, 2, 1, 1,
        7, 3, 1, 2, 1, 1, 7, 2, 4, 3, 6, 6, 1, 1, 1, 4, 1, 6, 6, 2, 2, 4, 2, 7,
        2, 2, 1, 2, 2, 2, 7, 1, 3, 1, 1, 2, 7, 1, 2, 1], device='cuda:0')
Epoch 9 | Batch 500
tensor([2, 4, 3, 6, 3, 3, 3, 9, 3, 6, 5, 3, 9, 9, 6, 3, 3, 4, 6, 8, 6, 9, 5, 3,
        9, 3, 5, 3, 2, 6, 3, 9, 2, 3, 3, 3, 6, 3, 3, 2, 3, 5, 3, 3, 3, 3, 2, 9,
        2, 6, 7, 6, 3, 2, 2, 4, 6, 6, 9, 4, 3, 3, 3, 3], device='cuda:0')
Epoch 9 | Batch 600
tensor([2, 2, 1, 0, 4, 2, 2, 0, 7, 2, 2, 0, 1, 8, 1, 6, 0, 8, 2, 8, 2, 0, 2, 1,
        9, 1, 0, 7, 1, 6, 6, 2, 0, 6, 6, 0, 1, 5, 1, 5, 8, 2, 7, 1, 5, 6, 6, 5,
        2, 0, 3, 6, 3, 5, 0, 8, 7, 0, 0, 3, 3, 1, 0, 6], device='cuda:0')
Epoch 9 | Batch 700
tensor([4, 2, 3, 6, 6, 1, 8, 6, 6, 1, 3, 3, 1, 7, 8, 7, 4, 3, 7, 0, 3, 6, 6, 6,
        6, 7, 2, 6, 7, 0, 6, 1, 3, 8, 8, 6, 6, 1, 0, 6, 6, 0, 8, 6, 3, 6, 2, 4,
        6, 3, 3, 3, 6, 6, 6, 7, 2, 7, 3, 3, 6, 8, 8, 7], device='cuda:0')
Epoch 9 | Batch 800
tensor([1, 0, 7, 7, 0, 2, 9, 4, 8, 2, 1, 5, 4, 1, 2, 4, 7, 4, 7, 3, 7, 2, 4, 4,
        8, 1, 4, 4, 1, 4, 7, 4, 4, 4, 7, 4, 0, 3, 7, 4, 2, 7, 2, 9, 1, 0, 7, 7,
        7, 9, 4, 4, 7, 7, 4, 7, 0, 4, 2, 7, 7, 1, 8, 7], device='cuda:0')
Epoch 9 | Batch 900
Switching label layer to Inference Mode (LIF)...
Epoch 9 DONE | Test Acc: 9.81% | Time: 197.3s
Switching label layer back to Training Mode (Clamp)...
