DO Python file
Starting bPC Experiment.

Skipping Hyperparameter Search... Using Fixed Params.

============================================================
PHASE 2: Final Training (Fixed Epochs: 40)
Using Params: {'activation': 'tanh', 'lr_activities': 0.001238616884883715, 'momentum': 0.9, 'lr_weights': 9.619920786823702e-05, 'weight_decay': 0.0029641169521327153, 'alpha_gen': 0.001, 'alpha_disc': 1.0, 'T_train': 8, 'T_eval': 100}
============================================================
1      | 86.10      | 2005.92    | 35.82     
2      | 87.90      | 4011.84    | 71.65     
3      | 88.36      | 6017.76    | 107.47    
4      | 89.46      | 8023.68    | 143.29    
5      | 90.32      | 10029.60   | 179.11    
6      | 90.60      | 12035.52   | 214.94    
7      | 91.46      | 14041.44   | 250.76    
8      | 92.06      | 16047.36   | 286.58    
9      | 92.48      | 18053.28   | 322.40    
10     | 92.86      | 20059.20   | 358.23    
11     | 93.16      | 22065.12   | 394.05    
12     | 93.30      | 24071.04   | 429.87    
13     | 93.82      | 26076.96   | 465.69    
14     | 94.12      | 28082.88   | 501.52    
15     | 93.94      | 30088.80   | 537.34    
16     | 94.28      | 32094.72   | 573.16    
17     | 94.40      | 34100.64   | 608.98    
18     | 94.58      | 36106.56   | 644.81    
19     | 94.62      | 38112.48   | 680.63    
20     | 94.82      | 40118.40   | 716.45    
21     | 94.80      | 42124.32   | 752.28    
22     | 94.94      | 44130.24   | 788.10    
23     | 94.94      | 46136.16   | 823.92    
24     | 95.24      | 48142.08   | 859.74    
25     | 95.18      | 50148.00   | 895.57    
26     | 95.20      | 52153.92   | 931.39    
27     | 95.40      | 54159.84   | 967.21    
28     | 95.36      | 56165.76   | 1003.03   
29     | 95.58      | 58171.68   | 1038.86   
30     | 95.46      | 60177.60   | 1074.68   
31     | 95.44      | 62183.52   | 1110.50   
32     | 95.50      | 64189.44   | 1146.32   
33     | 95.58      | 66195.36   | 1182.15   
34     | 95.68      | 68201.28   | 1217.97   
35     | 95.64      | 70207.20   | 1253.79   
36     | 95.86      | 72213.12   | 1289.62   
37     | 95.66      | 74219.04   | 1325.44   
38     | 95.82      | 76224.96   | 1361.26   
39     | 95.74      | 78230.88   | 1397.08   
40     | 95.80      | 80236.80   | 1432.91   

=== Final Report ===
Final Accuracy: 95.80%
Computing Test Set class averages for final evaluation...

============================================================
PHASE 3: Generating Images & RMSE Calculation
============================================================
Total RMSE (Generated vs Class Average): 0.0961
Generated images saved to: GraduationResearch_Ver2/Code/Compare_model/logs/generated_digits_20260130_075839.png
