DO Python file
Starting bPC Experiment. Logs will be saved to logs/bPC_log_20260117_214120.txt and logs/bPC_metrics_20260117_214120.csv

============================================================
PHASE 1: Hyperparameter Search (Optuna)
============================================================
Best Search Accuracy: 95.62%
Best Params: {'activation': 'leaky_relu', 'lr_activities': 0.05227544458892151, 'momentum': 0.9, 'lr_weights': 0.0004378647738806029, 'weight_decay': 0.002147533595886586, 'alpha_gen': 0.0001}

============================================================
PHASE 2: Final Training (Fixed Epochs: 50)
Using Params: {'activation': 'leaky_relu', 'lr_activities': 0.05227544458892151, 'momentum': 0.9, 'lr_weights': 0.0004378647738806029, 'weight_decay': 0.002147533595886586, 'alpha_gen': 0.0001, 'T_train': 8, 'T_eval': 100, 'alpha_disc': 1.0}
============================================================
Epoch  | Test Acc   | G-FPO      | GB-Data    | W-Ent    | ID-L1   
---------------------------------------------------------------------------
1      | 95.62      | 3139.50    | 51.17      | 4.18     | 8.50    
2      | 96.54      | 6279.00    | 102.34     | 4.20     | 11.51   
3      | 97.05      | 9418.50    | 153.52     | 4.30     | 12.00   
4      | 97.35      | 12558.00   | 204.69     | 4.34     | 10.01   
5      | 97.30      | 15697.50   | 255.86     | 4.35     | 13.34   
6      | 96.81      | 18837.00   | 307.03     | 4.31     | 11.97   
7      | 97.47      | 21976.50   | 358.20     | 4.24     | 10.86   
8      | 97.55      | 25116.00   | 409.37     | 4.16     | 13.03   
9      | 97.24      | 28255.50   | 460.55     | 4.06     | 12.70   
10     | 97.38      | 31395.00   | 511.72     | 3.97     | 9.22    
11     | 97.74      | 34534.50   | 562.89     | 3.87     | 11.62   
12     | 97.99      | 37674.00   | 614.06     | 3.79     | 10.48   
13     | 97.85      | 40813.50   | 665.23     | 3.72     | 10.30   
14     | 98.09      | 43953.00   | 716.40     | 3.66     | 9.80    
15     | 97.83      | 47092.50   | 767.58     | 3.59     | 11.57   
16     | 97.78      | 50232.00   | 818.75     | 3.54     | 11.84   
17     | 97.93      | 53371.50   | 869.92     | 3.48     | 10.58   
18     | 98.02      | 56511.00   | 921.09     | 3.42     | 11.03   
19     | 97.77      | 59650.50   | 972.26     | 3.38     | 10.13   
20     | 98.14      | 62790.00   | 1023.43    | 3.33     | 10.58   
21     | 97.93      | 65929.50   | 1074.61    | 3.28     | 9.08    
22     | 98.09      | 69069.00   | 1125.78    | 3.23     | 11.61   
23     | 98.01      | 72208.50   | 1176.95    | 3.17     | 10.60   
24     | 97.85      | 75348.00   | 1228.12    | 3.12     | 13.22   
25     | 98.05      | 78487.50   | 1279.29    | 3.08     | 9.38    
26     | 98.03      | 81627.00   | 1330.46    | 3.04     | 14.61   
27     | 97.89      | 84766.50   | 1381.64    | 2.98     | 8.69    
28     | 97.96      | 87906.00   | 1432.81    | 2.93     | 11.72   
29     | 98.08      | 91045.50   | 1483.98    | 2.89     | 9.80    
30     | 98.06      | 94185.00   | 1535.15    | 2.82     | 11.60   
31     | 97.91      | 97324.50   | 1586.32    | 2.77     | 11.84   
32     | 98.23      | 100464.00  | 1637.49    | 2.72     | 9.81    
33     | 97.99      | 103603.50  | 1688.67    | 2.68     | 11.61   
34     | 97.90      | 106743.00  | 1739.84    | 2.64     | 11.24   
35     | 98.01      | 109882.50  | 1791.01    | 2.61     | 13.34   
36     | 97.98      | 113022.00  | 1842.18    | 2.57     | 13.58   
37     | 97.95      | 116161.50  | 1893.35    | 2.55     | 11.48   
38     | 97.96      | 119301.00  | 1944.52    | 2.52     | 10.88   
39     | 98.04      | 122440.50  | 1995.70    | 2.49     | 11.73   
40     | 98.01      | 125580.00  | 2046.87    | 2.47     | 9.77    
41     | 97.96      | 128719.50  | 2098.04    | 2.45     | 16.63   
42     | 98.02      | 131859.00  | 2149.21    | 2.43     | 10.64   
43     | 97.84      | 134998.50  | 2200.38    | 2.43     | 8.70    
44     | 94.44      | 138138.00  | 2251.55    | 2.42     | 12.18   
45     | 97.94      | 141277.50  | 2302.73    | 2.48     | 11.39   
46     | 91.02      | 144417.00  | 2353.90    | 2.49     | 8.75    
47     | 95.65      | 147556.50  | 2405.07    | 2.50     | 8.74    
48     | 96.49      | 150696.00  | 2456.24    | 2.46     | 9.08    
49     | 96.93      | 153835.50  | 2507.41    | 2.45     | 8.83    
50     | 97.03      | 156975.00  | 2558.58    | 2.47     | 10.00   

=== Final Report ===
Completed 50 Epochs in 1221.58 seconds.
Final Accuracy: 97.03%
Total Steps: 9800
Total FPO: 156975.0000 G
Total Data Movement: 2558.5840 GB
Data saved to: logs/bPC_metrics_20260117_214120.csv
